../data/jpgs/9211707942_609c7209f8_o.jpg 0,0,640,640,1 3,152,109,264,4 19,506,485,639,4 61,365,332,507,4 114,180,278,369,4 208,25,334,158,4 224,197,372,335,4 268,285,473,417,4 365,147,473,301,4 418,56,516,127,4 526,118,630,247,4
../data/jpgs/14027359359_c146fa5f39_o.jpg 99,0,385,267,0 440,229,541,382,2 447,177,540,234,2 541,145,623,231,2 602,385,640,456,2 441,142,640,455,1 546,173,640,363,4
../data/jpgs/15202299597_98b4aa6543_o.jpg 87,143,528,532,1
../data/jpgs/3611049291_394ec30616_o.jpg 50,62,533,620,0 65,157,271,370,2 98,381,344,606,2 277,159,514,350,2 62,13,497,230,4 71,320,518,608,4
../data/jpgs/3310174374_d572dce4d7_o.jpg 12,24,594,603,1 108,258,192,425,3 126,139,311,275,3 179,217,396,447,3 285,362,500,569,3 317,159,378,233,3 369,117,420,213,3
../data/jpgs/4220420_7397afecdb_o.jpg 15,386,305,606,2 67,0,151,46,2 270,1,414,156,2 0,0,640,640,1 0,495,160,640,4 256,117,409,355,4 304,347,485,612,4 406,0,567,198,4
../data/jpgs/3702337011_a810103a15_o.jpg 0,0,640,640,1 1,2,640,598,4
../data/jpgs/14101043567_dae5a8d6b1_o.jpg 0,202,614,640,1 0,321,466,591,3 314,153,640,369,3
../data/jpgs/9693749311_9b5d1f433a_o.jpg 100,98,213,228,2 107,216,216,319,2 116,334,251,560,2 186,74,259,182,2 240,232,352,380,2 247,376,394,523,2 269,56,369,152,2 313,154,444,274,2 362,30,503,192,2 416,300,538,443,2 423,184,550,300,2 70,22,596,630,1 94,198,152,340,4 96,311,195,455,4 131,420,174,519,4 205,180,316,250,4 211,253,320,429,4 232,487,322,606,4 257,121,330,178,4 280,503,357,611,4 325,263,455,380,4 352,467,482,602,4 387,378,583,515,4 426,189,454,205,4 470,152,521,193,4 506,277,576,369,4
../data/jpgs/9651572036_36ee2b534a_o.jpg 129,311,308,457,2 137,85,253,192,2 216,23,304,137,2 279,252,415,340,2 305,32,415,166,2 321,355,476,476,2 372,135,518,205,2 476,201,574,323,2 56,11,640,579,1 0,5,640,640,4
../data/jpgs/13124918384_a9c9d0afea_o.jpg 27,9,392,309,0 82,95,360,267,1 247,107,640,640,1 443,463,569,588,4 544,437,640,539,4 582,373,640,443,4
../data/jpgs/14491320748_6ae62011fa_o.jpg 1,76,640,640,0 479,20,591,92,0 0,33,640,151,4 11,0,636,88,4 73,147,220,270,4 121,277,383,431,4 283,81,374,184,4 365,158,451,221,4 390,212,561,361,4 426,302,621,477,4 433,79,546,148,4 477,120,538,151,4 528,160,640,293,4
../data/jpgs/14703320278_863515f790_o.jpg 17,256,197,498,2 95,0,258,189,2 131,499,283,638,2 189,104,362,392,2 274,0,411,136,2 293,406,413,628,2 364,196,497,503,2 425,487,519,640,2 427,0,556,204,2 512,307,640,547,2 0,0,640,640,1 11,233,218,544,4 66,0,270,221,4 97,479,290,640,4 181,114,375,405,4 253,0,420,144,4 258,393,427,637,4 350,200,533,482,4 394,471,545,639,4 401,0,589,220,4 516,271,640,561,4
../data/jpgs/14984196633_744e657eff_o.jpg 38,77,322,297,1 58,206,445,424,3
../data/jpgs/4302834629_717321fd2f_o.jpg 10,19,623,613,1 24,47,471,557,3
../data/jpgs/4491189585_1400c943bb_o.jpg 278,401,499,564,1
../data/jpgs/4450406624_acf22d13da_o.jpg 325,0,632,506,1 395,130,621,473,4
../data/jpgs/4275870426_3581ab87a0_o.jpg 77,95,551,523,1 127,388,202,446,4 389,406,465,490,4 448,288,530,373,4 456,217,522,291,4
../data/jpgs/4590236423_3484930d5c_o.jpg 22,287,100,456,0 72,223,174,284,0 125,445,267,573,0 172,191,199,248,0 214,73,251,124,0 228,175,321,232,0 253,46,315,94,0 254,119,309,176,0 269,338,357,469,0 322,57,378,113,0 348,94,428,166,0 411,76,467,143,0 501,158,576,269,0 516,270,577,386,0 166,47,452,384,2 52,36,566,554,1
../data/jpgs/4942915760_8dfc90bfd8_o.jpg 204,12,275,122,2 221,100,332,230,2 1,9,637,636,3 99,495,176,629,3 246,583,338,636,3
../data/jpgs/4815060805_835819b633_o.jpg 61,87,340,473,1 106,45,332,393,3 79,212,119,292,4 181,206,204,254,4
../data/jpgs/4805751704_687016dce6_o.jpg 0,0,615,635,1 182,438,353,638,4 469,332,593,472,4 482,223,620,337,4
../data/jpgs/4949958150_8bbb5fa499_o.jpg 135,98,559,573,2 34,29,628,574,1 72,348,167,566,4 103,85,217,285,4 195,133,275,235,4 231,64,299,124,4 234,385,308,498,4 247,491,398,582,4 285,163,355,275,4 380,116,443,223,4 391,312,477,408,4 450,215,564,352,4 474,128,571,252,4 474,486,604,577,4 476,335,547,435,4 534,298,611,453,4
../data/jpgs/4785782231_8e6838309f_o.jpg 27,40,640,640,1 87,155,198,413,4 169,267,232,361,4 210,167,282,229,4
../data/jpgs/4958251640_af27b11b4b_o.jpg 0,170,640,640,2 0,169,640,640,1 0,169,640,640,4
../data/jpgs/2816732400_f12f826b54_o.jpg 64,14,579,618,1 64,381,142,478,4 85,104,225,419,4 161,335,288,499,4 242,115,429,340,4 289,285,478,525,4 423,134,495,217,4 467,186,580,410,4
../data/jpgs/2881841955_66d0ee1d02_o.jpg 51,0,582,640,1
../data/jpgs/3017503016_79c0696cb5_o.jpg 59,0,640,640,1
../data/jpgs/2916716392_f71749994c_o.jpg 76,296,196,450,0 177,323,292,419,0 75,262,387,558,1 243,335,303,401,4
../data/jpgs/3121460527_55e4fa9c0d_o.jpg 0,0,640,640,1 1,159,305,487,4
../data/jpgs/4087067574_8059786046_o.jpg 46,342,431,615,0 187,195,492,602,0 238,544,394,593,0 61,463,209,562,2 219,315,477,526,2 83,46,359,333,1 169,204,280,346,4 263,117,363,233,4
../data/jpgs/2598960070_3ddff37b85_o.jpg 76,451,213,505,0 249,458,442,560,1 312,486,401,548,3 260,470,287,492,4 382,459,409,479,4
../data/jpgs/5705034980_9196a2098a_o.jpg 24,1,587,613,3 370,350,425,438,3 412,352,450,418,3 417,486,478,525,3 445,342,498,442,3 458,404,513,462,3 246,172,425,300,4 285,288,384,411,4
../data/jpgs/2733146012_5c825ac00f_o.jpg 135,168,291,492,0 298,165,448,493,0 328,444,357,487,2 411,232,423,266,2 416,307,440,410,2 131,163,293,496,1 294,162,491,583,1 148,320,198,437,4 160,209,276,371,4 195,352,279,479,4
../data/jpgs/3610328146_b058821954_o.jpg 34,273,59,303,2 66,108,83,127,2 326,340,345,360,2 386,19,402,47,2 494,209,512,238,2 551,278,572,306,2 588,407,614,443,2 624,216,639,240,2 0,0,640,640,1 0,332,48,405,4 51,104,85,146,4 117,56,181,127,4 143,243,181,324,4 168,193,247,292,4 184,279,226,352,4 231,352,306,503,4 256,74,358,228,4 348,298,381,325,4 363,69,388,140,4 377,201,422,279,4 409,556,463,637,4 493,276,542,351,4
../data/jpgs/3267515307_577f52ff0b_o.jpg 0,327,268,640,0 207,0,411,264,0 269,335,593,640,0 482,207,640,367,0 45,214,75,274,2 89,263,186,349,2 121,357,205,406,2 260,281,317,362,2 510,341,595,441,2 0,0,640,640,1 76,81,168,242,4 364,33,477,186,4 364,457,474,567,4 378,266,515,463,4
../data/jpgs/3492571614_12cbd435a4_o.jpg 0,0,591,427,1 135,41,227,131,4 330,154,395,258,4
../data/jpgs/3889033046_100bc6e178_o.jpg 0,0,640,640,1 0,281,135,558,4 159,398,471,625,4 176,83,267,151,4 277,134,521,319,4
../data/jpgs/3618208453_b5dff51557_o.jpg 181,224,245,270,2 232,276,301,396,2 266,389,307,483,2 331,227,386,299,2 350,387,398,487,2 373,332,442,384,2 107,204,498,498,1 134,256,167,298,4 179,285,210,338,4 191,331,250,436,4 273,221,342,290,4 289,300,325,357,4 310,437,348,492,4 330,288,395,341,4 335,353,387,398,4 394,403,444,448,4 449,361,492,420,4
../data/jpgs/5760283968_f1e72f179d_o.jpg 13,0,639,639,2 29,181,153,331,4 51,428,166,555,4 147,340,249,429,4 163,14,220,164,4 170,238,218,313,4 190,163,243,241,4 225,606,331,640,4 227,415,318,559,4 259,86,321,158,4 291,3,353,70,4 323,414,392,518,4 366,120,434,181,4 376,527,522,638,4 393,329,456,441,4 407,52,500,140,4 425,224,498,313,4 481,181,586,276,4 535,359,636,468,4
../data/jpgs/3655789990_40181da01a_o.jpg 7,225,15,235,2 11,227,44,253,2 45,254,57,268,2 62,216,177,334,2 64,206,75,218,2 104,377,209,568,2 109,31,308,137,2 129,116,188,227,2 152,169,273,272,2 174,291,247,406,2 175,371,270,542,2 243,556,324,611,2 244,367,355,532,2 270,207,305,297,2 315,39,381,95,2 319,313,435,448,2 338,177,421,320,2 384,98,424,129,2 389,228,502,369,2 390,50,436,80,2 400,485,523,638,2 450,12,486,67,2 455,63,474,103,2 477,275,597,429,2 478,213,558,306,2 488,393,574,576,2 531,112,603,176,2 551,47,600,88,2 592,352,639,469,2 0,0,640,640,1 298,179,317,211,1 434,94,450,118,1
../data/jpgs/3518646928_827c34b5f0_o.jpg 0,0,640,640,1 1,1,640,638,4
../data/jpgs/3602529727_46dc851530_o.jpg 0,17,602,640,1 448,0,640,202,1 196,192,224,226,4 196,245,219,280,4 199,154,236,188,4
../data/jpgs/10338854766_30c60b341b_o.jpg 0,0,640,636,1 216,46,381,226,3 238,202,380,388,3 318,334,452,593,3 23,72,206,187,4 217,477,333,588,4 396,51,507,236,4
../data/jpgs/8801145218_7e17a91f1b_o.jpg 0,0,293,313,1 260,30,639,514,1 11,336,296,640,4
../data/jpgs/10360710743_1bb54e092e_o.jpg 153,270,240,405,2 171,171,272,277,2 203,366,323,479,2 256,142,391,240,2 258,264,422,375,2 317,416,423,472,2 365,148,486,248,2 387,326,522,449,2 410,189,532,350,2 76,75,582,584,4 366,134,373,138,4
../data/jpgs/13209887605_62dc0685d9_o.jpg 0,0,420,492,0 191,0,640,640,1
../data/jpgs/14338367042_ab2e7c8f11_o.jpg 0,0,640,640,1 108,284,185,378,4 159,420,304,554,4 183,184,256,287,4 187,353,302,419,4 228,106,291,224,4 264,223,357,295,4 301,374,402,469,4 303,78,392,149,4 310,508,404,589,4 335,303,409,375,4 338,10,405,66,4 375,262,430,356,4 420,233,563,385,4 503,61,595,155,4
../data/jpgs/126731627_5fe79af034_o.jpg 21,264,238,593,1 56,0,269,220,1 278,38,481,378,1 287,456,462,640,1 455,82,640,431,1 496,495,640,640,1 0,0,301,271,3 0,234,255,640,3 220,384,507,640,3 266,6,483,375,3 456,84,640,433,3 489,416,640,640,3 53,337,93,379,4 61,89,129,179,4 76,76,101,110,4 112,4,201,80,4 113,382,183,471,4 196,125,226,152,4 288,530,397,640,4 298,87,381,201,4 321,317,354,366,4 331,215,364,265,4 394,40,447,88,4 406,157,452,255,4 472,357,570,428,4 487,173,519,224,4 525,215,569,304,4 550,140,585,204,4 585,586,640,640,4 617,497,640,529,4
../data/jpgs/19772600125_7150c618f5_o.jpg 60,0,539,638,1 85,119,360,359,3 317,502,460,621,3
../data/jpgs/145534288_f8289472a1_o.jpg 481,98,637,238,2 0,16,640,640,3 447,0,640,402,4
../data/jpgs/5300769166_0c68a406df_o.jpg 0,96,632,640,1 0,96,440,640,4
../data/jpgs/5812735825_a209e499ab_o.jpg 0,72,639,638,1 53,361,118,406,3 126,295,163,367,3 145,330,225,386,3 171,364,241,476,3 186,205,230,249,3 200,240,245,328,3 225,78,538,301,3 231,338,282,412,3 239,256,297,340,3 426,206,483,279,3 468,154,541,269,3 476,293,609,427,3 527,105,588,276,3 625,317,640,392,3 109,413,206,552,4
../data/jpgs/10101010_2fde3b2e44_o.jpg 191,30,640,524,1 342,139,490,330,3 432,314,529,501,4 533,128,639,240,4
../data/jpgs/5343627617_6d8465ffa2_o.jpg 0,0,640,638,1 180,570,269,640,4 331,384,431,575,4
../data/jpgs/5436055604_74e1d0852d_o.jpg 260,292,507,564,1
../data/jpgs/5551031136_bb2139d8f8_o.jpg 33,35,622,606,0 70,327,189,400,2 80,261,154,296,2 238,303,338,368,2 241,113,287,185,2 255,236,317,273,2 257,475,341,508,2 330,252,423,309,2 363,107,463,188,2 428,408,498,491,2 454,335,564,390,2 482,225,591,299,2 23,30,628,607,1 69,287,197,359,4 78,198,277,320,4 139,387,210,481,4 147,102,272,241,4 192,322,246,437,4 224,61,298,123,4 244,145,356,253,4 249,382,341,489,4 309,35,381,152,4 339,185,435,311,4 377,309,552,454,4 389,68,459,174,4 436,138,578,280,4
../data/jpgs/5633982722_fb22bc55b9_o.jpg 0,0,606,639,1 0,0,532,637,4
../data/jpgs/5619864397_0926201407_o.jpg 85,167,640,621,1 87,55,640,476,3
../data/jpgs/5290239535_12a9a768c1_o.jpg 184,238,306,377,2 303,240,425,379,2 68,79,572,567,1 216,111,472,298,4 285,385,330,512,4
../data/jpgs/5257601243_d7692c5c64_o.jpg 171,275,248,404,2 188,405,296,529,2 208,145,303,243,2 284,230,394,362,2 320,435,402,551,2 359,142,458,241,2 396,390,502,500,2 443,285,502,393,2
../data/jpgs/5529966968_92537c61c7_o.jpg 29,100,602,612,1 101,119,571,437,3 184,389,388,537,3 61,380,250,494,4 94,271,171,357,4 116,167,204,278,4 127,142,294,184,4 327,353,437,441,4 353,129,437,206,4 413,385,549,548,4
../data/jpgs/5673417139_cff8d32a0b_o.jpg 70,0,570,614,1 200,208,299,343,4 284,151,388,277,4
../data/jpgs/18680507048_5ec559ed00_o.jpg 0,0,194,385,2 6,419,29,449,2 107,154,316,343,2 146,1,366,154,2 182,365,222,390,2 246,477,284,505,2 273,204,396,322,2 323,19,469,126,2 362,128,481,228,2 377,444,493,557,2 390,240,503,368,2 471,21,640,162,2 0,1,640,640,1 0,343,273,574,4 14,473,334,634,4 267,390,305,431,4 388,349,498,509,4 446,263,605,419,4 464,362,640,538,4
../data/jpgs/4589206559_5d6f49fd94_o.jpg 68,71,540,569,1 80,97,521,539,3 146,402,224,472,4 214,129,294,184,4 265,410,313,516,4 389,154,442,219,4 442,328,470,374,4
../data/jpgs/4575524305_54e611882e_o.jpg 24,310,203,528,2 103,202,312,385,2 214,144,430,345,2 283,109,338,204,2 3,6,611,631,1 5,215,69,387,4 72,83,200,231,4 143,384,333,631,4 352,308,532,588,4 417,168,555,359,4
../data/jpgs/4930630922_276a8eaed2_o.jpg 0,0,640,640,1 0,0,639,640,4
../data/jpgs/5078274932_306214a871_o.jpg 25,98,547,574,2
../data/jpgs/4907018776_5a41b74f18_o.jpg 396,191,579,438,2 422,46,506,197,2 8,0,597,640,1
../data/jpgs/4892570672_4fd4d731f8_o.jpg 83,120,562,558,0 94,185,254,400,2 272,222,530,478,2 201,35,421,418,1
../data/jpgs/4990848213_95ef355736_o.jpg 22,348,207,547,2 111,139,216,348,2 292,327,487,578,2 300,71,437,227,2 409,203,509,430,2 500,370,640,640,2 556,135,640,329,2 0,0,640,640,4 241,0,358,111,4
../data/jpgs/5224493642_cee7d744ff_o.jpg 0,16,640,640,4
../data/jpgs/4930769629_479c3cb1ea_o.jpg 0,173,640,639,1 129,229,608,540,4
../data/jpgs/4841630007_bc7b8c657f_o.jpg 0,527,77,640,0 41,0,639,639,1 101,262,374,554,3 139,7,422,239,3
../data/jpgs/9492584621_bc6e5b4087_o.jpg 158,188,640,496,1
../data/jpgs/12597339484_1b26a8343c_o.jpg 59,82,588,621,1 77,294,121,349,4 79,220,152,260,4 92,401,149,441,4 123,467,170,531,4 126,282,174,343,4 156,350,216,390,4 172,417,215,486,4 203,288,258,342,4 205,207,239,257,4 210,366,254,420,4 224,531,262,562,4 252,414,322,458,4 259,183,325,229,4 276,469,325,538,4 280,445,339,471,4 287,299,329,365,4 323,339,382,380,4 364,287,439,338,4 371,195,417,258,4 378,115,432,160,4 392,337,454,390,4 423,383,480,433,4 430,122,499,165,4 431,272,479,319,4 440,413,481,464,4 464,227,521,255,4 474,426,513,478,4 475,358,516,412,4 482,320,527,374,4
../data/jpgs/5960000060_543e13af4e_o.jpg 0,0,640,640,1 19,332,101,412,4 136,188,195,274,4 160,467,210,572,4 219,58,284,141,4 261,0,423,64,4 274,530,310,602,4 314,543,388,640,4 338,427,425,593,4 341,35,388,121,4 367,171,420,252,4 374,86,433,186,4 425,149,511,280,4 434,500,529,626,4 516,213,604,336,4
../data/jpgs/6299900803_119ab2388a_o.jpg 3,29,629,569,0 36,125,263,467,1 322,116,540,458,1 124,317,185,466,4 402,307,467,493,4
../data/jpgs/6141779599_c258eed815_o.jpg 40,24,622,574,0 108,300,320,435,2 119,156,310,295,2 163,92,310,259,2 206,334,365,497,2 315,81,451,263,2 332,119,551,289,2 347,303,535,484,2 365,240,575,384,2
../data/jpgs/6143876082_2e3fb8fb45_o.jpg 77,17,524,592,2 75,14,527,611,1
../data/jpgs/6056324069_a902311ff2_o.jpg 0,6,640,631,1
../data/jpgs/5626440877_ddd7854c45_o.jpg 0,0,640,640,1 0,106,91,227,4 64,372,129,616,4 100,12,259,142,4 243,0,382,84,4 291,279,515,453,4 379,0,472,64,4 456,161,600,370,4 526,25,640,124,4
../data/jpgs/5535028129_f7883f3da8_o.jpg 116,166,190,276,2 117,313,141,351,2 155,509,208,552,2 162,112,455,433,2 74,73,519,617,1 102,263,184,328,4 119,362,179,460,4 126,161,170,229,4 184,230,283,312,4 222,109,314,230,4 241,348,284,397,4 290,104,346,133,4 307,359,389,474,4 330,198,397,273,4 337,273,366,300,4 390,417,494,498,4 409,337,488,413,4 411,177,508,333,4
../data/jpgs/5429477262_998d3dcc82_o.jpg 0,265,44,362,2 18,481,126,631,2 27,141,91,197,2 73,73,128,126,2 133,421,216,533,2 169,275,245,372,2 193,99,281,188,2 205,18,282,87,2 272,193,327,266,2 299,468,389,570,2 321,44,378,135,2 363,294,474,417,2 434,31,495,105,2 454,561,583,640,2 479,125,559,208,2 479,207,548,300,2 569,330,636,425,2 572,76,627,152,2 0,0,640,640,1 0,260,63,398,4 11,143,108,246,4 12,465,136,637,4 69,62,148,162,4 114,398,237,582,4 117,153,211,277,4 186,0,294,107,4 259,172,345,300,4 291,448,397,605,4 310,36,386,145,4 358,162,460,285,4 419,17,501,123,4 467,195,554,320,4 556,308,640,448,4 562,54,640,222,4
../data/jpgs/5236215195_5f09ca4fc0_o.jpg 33,174,187,284,2 122,216,333,353,2 216,286,402,482,2 227,111,275,198,2 314,107,425,267,2 409,205,559,368,2 21,97,628,614,1 244,116,328,210,1 58,191,187,281,4 221,258,346,346,4 289,399,475,590,4 381,127,455,217,4 470,266,588,399,4
../data/jpgs/5615738160_cf417f582e_o.jpg 464,168,640,632,1 20,180,532,483,3
../data/jpgs/5691301632_e1dd4475e0_o.jpg 219,168,462,348,1 9,226,292,618,3 458,178,585,321,3
../data/jpgs/12693456264_740ff3b015_o.jpg 36,271,118,339,2 136,138,293,233,2 217,329,257,373,2 314,411,398,502,2 322,121,423,211,2 357,254,392,286,2 427,365,487,409,2 438,537,491,602,2 467,306,504,349,2 504,243,564,332,2 531,224,576,266,2 29,64,614,630,1 33,338,117,456,4 99,283,295,464,4 272,91,411,146,4 328,470,491,616,4 348,165,508,275,4
../data/jpgs/9432745935_428c083162_o.jpg 0,351,38,454,2 10,21,76,100,2 24,427,106,537,2 81,74,158,169,2 114,402,199,598,2 120,232,192,329,2 186,41,311,172,2 194,285,264,375,2 249,440,341,547,2 279,260,347,444,2 354,28,444,129,2 445,325,526,430,2 450,517,531,640,2 519,178,624,303,2 532,510,628,628,2 0,0,640,640,1
../data/jpgs/10291731256_5ff079a8b1_o.jpg 11,5,297,169,1 122,235,464,462,1 29,20,280,123,4 144,146,262,197,4 264,130,345,181,4 292,475,619,640,4 372,147,543,234,4 451,414,582,525,4 512,184,640,388,4
../data/jpgs/9203498133_d21b30ec73_o.jpg 0,0,327,516,0 471,407,558,523,0 39,0,582,640,1 217,262,514,554,4 282,124,325,244,4 298,42,334,118,4 485,48,538,127,4
../data/jpgs/14626052081_036b431af9_o.jpg 83,394,148,462,2 141,387,193,452,2 158,436,207,499,2 161,486,236,561,2 227,322,278,388,2 235,544,277,583,2 256,496,289,540,2 260,174,393,302,2 323,498,489,599,2 417,322,463,416,2 477,31,516,77,2 479,511,545,575,2 527,92,581,159,2 563,456,640,571,2 571,381,594,443,2 582,73,620,154,2 65,157,640,600,1 268,0,640,172,1 182,156,574,543,3 317,1,635,155,3
../data/jpgs/14955893487_10c95574ce_o.jpg 0,391,333,640,1 367,191,607,343,1 454,388,640,613,1 0,477,85,570,3 393,270,437,304,3 398,287,488,310,3 412,194,471,240,3 424,310,528,338,3 489,209,564,259,3
../data/jpgs/14668086250_5f3b0bd890_o.jpg 2,30,613,572,1
../data/jpgs/6518209267_28ceded312_o.jpg 52,0,629,640,1 287,0,398,141,4 383,34,509,194,4
../data/jpgs/6606466647_3c8115fec7_o.jpg 31,72,614,401,2 0,0,638,594,1 22,145,90,197,4 48,193,117,233,4 140,245,209,301,4 207,141,293,213,4 216,263,279,319,4 318,226,383,302,4 346,181,423,256,4 382,95,461,176,4 540,283,611,343,4
../data/jpgs/6599489135_b712eab865_o.jpg 172,92,587,623,2 86,34,572,640,1 87,247,184,363,4 115,383,221,500,4 127,103,232,204,4 279,35,358,117,4 347,513,467,640,4 387,82,471,175,4 429,394,546,560,4 472,199,572,318,4
../data/jpgs/13957662913_9981907cd0_o.jpg 0,277,637,637,0 0,233,622,557,4 84,7,640,234,4
../data/jpgs/7141475145_16b28303ce_o.jpg 442,170,547,257,0 154,305,521,640,1 521,165,585,229,4
../data/jpgs/7145564897_f492cc5524_o.jpg 180,0,489,158,2 0,175,640,640,1 32,529,263,640,4 80,446,288,532,4 109,358,290,446,4 132,263,291,361,4 180,180,331,263,4
../data/jpgs/6905251519_e1c2fcb1d7_o.jpg 7,15,471,640,4
../data/jpgs/13334375034_e4836a5017_o.jpg 0,4,300,176,1 116,229,638,560,3 4,5,96,121,4
../data/jpgs/7278253372_29541f43a7_o.jpg 3,31,212,339,0 250,252,423,400,2 194,250,489,572,1 250,7,402,191,1 200,316,292,438,4 295,378,343,440,4
../data/jpgs/6997025911_32f795980b_o.jpg 0,151,640,631,1 2,272,122,490,3 97,402,238,591,3 244,450,387,624,3 382,517,485,619,3 0,371,56,509,4 110,487,262,617,4 115,224,226,371,4 332,386,483,515,4 456,481,547,602,4 591,309,640,408,4
../data/jpgs/7203262238_f91c6a3ea3_o.jpg 57,60,561,597,1 118,171,400,513,3 267,103,485,229,3 67,410,124,506,4 157,102,203,179,4 413,123,482,171,4 485,254,548,376,4
../data/jpgs/8739760860_1ccb7b6514_o.jpg 30,20,607,609,1 28,299,77,366,3 105,118,220,250,3 136,336,513,553,3 158,247,291,450,3 174,42,314,130,3 237,77,352,211,3 370,238,498,410,3 387,86,486,197,3 466,155,532,345,3
../data/jpgs/9458550175_82c4e842e7_o.jpg 112,3,528,640,1 125,23,490,640,4
../data/jpgs/10327314803_0090f2349a_o.jpg 0,0,640,640,1 69,285,166,523,4 149,278,352,417,4 247,7,330,171,4 401,0,586,155,4 548,342,640,572,4
../data/jpgs/9275701565_3573d5f9f8_o.jpg 0,72,250,530,0 198,37,473,222,1 250,222,406,624,1 453,471,561,593,1 561,446,630,491,4
../data/jpgs/12439821585_67b7de28c6_o.jpg 354,327,549,369,2 451,396,540,427,2 0,342,281,524,1 155,230,344,308,1 165,163,295,217,1 247,133,358,164,1 306,194,493,228,1 300,365,375,410,3 368,329,636,434,3
../data/jpgs/9059307136_e1ed744c79_o.jpg 0,112,640,632,1 17,263,275,449,4 260,282,413,389,4 324,116,513,251,4 414,256,640,438,4
../data/jpgs/15759373579_67e264c115_o.jpg 190,13,475,486,1 316,77,401,181,3 321,256,424,378,3 346,116,439,266,3 209,190,222,206,4 251,138,278,166,4 309,305,333,343,4 331,190,348,213,4 385,125,408,145,4 402,174,438,217,4 404,298,426,329,4
../data/jpgs/5999259909_cbc00622ee_o.jpg 174,0,561,267,0 470,382,528,453,0 16,0,623,640,1 62,330,343,542,3 133,6,414,181,3 155,392,519,563,4 224,79,519,320,4 534,565,602,640,4
../data/jpgs/5886800854_94e3227658_o.jpg 12,16,637,632,1 43,449,117,565,4 44,295,117,451,4 63,59,187,193,4 68,195,129,248,4 129,428,159,525,4 187,473,352,616,4 202,133,275,197,4 261,48,337,147,4 405,96,593,230,4 477,405,621,577,4 577,222,626,302,4
../data/jpgs/5914373715_6d030d41e0_o.jpg 0,370,67,506,2 12,286,155,415,2 135,419,293,565,2 171,95,285,185,2 224,199,337,309,2 295,7,374,103,2 408,137,522,273,2 423,0,559,91,2 450,283,587,423,2 514,50,622,157,2 0,0,640,640,1
../data/jpgs/6036104368_71e536edbd_o.jpg 0,25,640,582,1 43,312,128,411,3 215,283,318,455,3 336,498,464,563,3 347,221,440,381,3 85,216,210,324,4 123,276,213,451,4 204,372,273,474,4 304,299,414,476,4 413,299,568,440,4 506,177,536,226,4
../data/jpgs/6070368441_1a068e9723_o.jpg 148,72,484,554,1 200,456,268,540,4 219,212,264,316,4 241,92,291,163,4 273,340,373,407,4 339,197,412,273,4 375,361,448,463,4
../data/jpgs/5970005635_7470ab55a4_o.jpg 0,91,590,542,1 77,205,141,256,4 115,174,213,252,4 120,331,194,389,4 162,335,269,421,4 179,265,252,328,4 204,169,302,229,4 226,236,301,291,4 226,467,310,524,4 230,150,274,167,4 240,291,316,357,4 253,91,350,165,4 303,217,400,277,4 314,290,365,338,4 370,367,440,418,4 392,306,482,381,4 399,266,457,302,4 422,171,503,223,4
../data/jpgs/6199764589_32379a388d_o.jpg 492,342,640,564,2 0,49,627,640,1 0,75,50,306,3 0,353,93,505,3 35,465,323,640,3 38,114,240,244,3 204,42,408,166,3 301,135,531,484,3 417,88,575,179,3 511,202,640,347,3
../data/jpgs/6164137252_2ea56ab141_o.jpg 71,50,598,604,1 370,307,477,443,4 372,435,480,588,4 442,351,558,494,4
../data/jpgs/17379664661_d7095af4ce_o.jpg 54,162,263,314,2 191,34,379,134,2 302,305,406,530,2 354,192,617,277,2 0,12,633,640,1
../data/jpgs/17660548209_73844ecdcc_o.jpg 143,308,259,451,2 151,186,275,260,2 205,347,305,510,2 244,115,327,241,2 286,355,361,539,2 350,133,471,249,2 364,315,465,479,2 377,230,504,344,2 122,78,518,549,4
../data/jpgs/179918979_3cb3380fce_o.jpg 29,193,206,311,0 371,310,591,466,0 167,327,321,435,1 383,124,639,287,1 455,228,484,250,4 461,139,502,160,4 485,213,524,233,4 513,163,544,184,4 531,200,563,217,4 556,192,583,214,4
../data/jpgs/7524875906_74b232aa47_o.jpg 253,142,620,615,0 275,0,492,182,1
../data/jpgs/8554505517_21fae3511a_o.jpg 153,145,550,640,0 359,0,640,118,1
../data/jpgs/8704133763_8f31a69796_o.jpg 113,191,224,287,2 301,189,358,224,2 375,206,447,289,2 114,70,468,515,1 128,251,208,331,4 204,229,248,292,4 218,190,267,247,4 255,198,343,269,4
../data/jpgs/7487146974_a3f06da5e7_o.jpg 58,7,576,582,1 175,57,276,200,4 271,18,368,165,4
../data/jpgs/8043099577_699cc6effb_o.jpg 33,0,586,640,1 396,409,475,585,4 423,302,575,478,4
../data/jpgs/8645535536_436d56fb7e_o.jpg 11,3,629,620,1 349,380,549,618,4
../data/jpgs/7846872334_a6c60be77c_o.jpg 40,108,135,235,2 217,45,367,233,2 0,0,640,640,1 44,93,409,530,4 392,75,508,226,4 443,187,567,390,4 497,408,640,640,4
../data/jpgs/7986043579_c86d9be736_o.jpg 69,231,558,608,1 137,369,287,509,3 211,361,394,494,3 256,297,445,407,3 433,316,544,428,3
../data/jpgs/7967927468_3408489584_o.jpg 80,390,180,493,2 91,133,154,258,2 156,478,271,605,2 164,142,231,310,2 179,19,265,133,2 220,135,276,200,2 319,142,379,193,2 334,317,379,421,2 420,374,435,426,2 516,119,581,234,2 516,297,610,394,2 0,0,640,640,1 0,0,640,640,4
../data/jpgs/7891158180_07abce75cb_o.jpg 0,54,497,640,1 0,223,79,367,4 4,357,118,579,4 55,111,140,196,4 170,450,250,564,4 261,187,385,298,4 283,104,356,184,4 372,419,460,599,4 372,168,435,242,4 402,310,490,458,4
../data/jpgs/8415387853_17c100e9dc_o.jpg 220,156,601,546,0 0,103,254,413,1
../data/jpgs/8217183200_8faff2dc09_o.jpg 88,220,174,325,2 114,363,173,454,2 167,398,261,449,2 176,138,209,167,2 180,359,237,407,2 219,399,349,549,2 231,178,324,257,2 235,250,309,347,2 264,328,336,420,2 272,86,308,166,2 314,245,426,342,2 319,205,377,260,2 321,168,386,208,2 383,101,400,160,2 384,423,446,463,2 400,147,428,224,2 424,256,484,418,2 88,57,490,561,1 131,61,465,552,4
../data/jpgs/8043100533_4c5b8fd1fd_o.jpg 0,0,635,633,1 79,186,218,363,4 87,363,310,612,4
../data/jpgs/8618486072_c2bf619351_o.jpg 120,0,571,242,0 127,524,220,619,2 131,435,168,494,2 175,230,306,481,2 305,529,374,621,2 332,355,400,427,2 453,445,571,594,2 92,181,588,640,1 467,461,551,578,4
../data/jpgs/16402176621_eeb338aafb_o.jpg 250,0,640,591,0 0,0,417,404,1 65,177,116,253,4 147,268,203,327,4
../data/jpgs/6834265353_995c0c7ffd_o.jpg 75,151,555,625,1
../data/jpgs/6630129091_85d167ea2f_o.jpg 0,0,119,81,2 0,307,96,369,2 29,559,101,636,2 33,87,92,199,2 75,399,225,626,2 117,220,274,385,2 123,20,264,161,2 233,520,393,640,2 298,46,390,142,2 304,396,425,530,2 339,120,420,228,2 400,498,479,640,2 404,222,514,356,2 448,145,519,221,2 460,0,542,51,2 505,568,640,640,2 530,90,640,204,2 538,197,640,330,2 567,358,630,427,2 0,0,640,640,1
../data/jpgs/6855128469_e4257351b0_o.jpg 0,0,228,311,1 108,56,640,640,1 0,143,28,249,4 32,118,130,238,4 293,326,413,481,4 401,366,534,537,4
../data/jpgs/6927666088_9d3cf85e37_o.jpg 260,47,392,164,0 127,49,556,569,1 183,86,279,208,4 343,107,462,217,4
../data/jpgs/7505189090_350412a818_o.jpg 1,27,285,386,0 447,227,640,587,1 476,480,577,544,4 496,234,602,326,4 526,306,593,423,4 594,344,640,463,4
../data/jpgs/7456722924_eda31194bf_o.jpg 0,0,640,640,2 0,0,640,640,4
../data/jpgs/6733081115_de314d347b_o.jpg 88,0,574,518,1 219,62,562,507,3
../data/jpgs/6983708417_d2f5e4a19e_o.jpg 252,5,389,343,2 233,310,539,543,1 51,30,301,479,3 230,0,396,441,3 395,0,515,280,3
../data/jpgs/7685364860_6216f460b8_o.jpg 21,27,139,227,2 33,257,159,375,2 101,473,235,640,2 200,175,332,293,2 293,226,449,366,2 327,37,509,304,2 351,591,464,640,2 456,0,576,188,2 490,496,626,640,2 539,228,640,438,2 0,0,640,640,1
../data/jpgs/6941632896_231a33d33f_o.jpg 193,184,451,434,2 25,38,561,599,1 81,332,300,480,4 169,123,265,188,4 249,155,378,282,4 301,480,453,544,4 374,210,450,271,4 386,309,500,482,4
../data/jpgs/8736437788_d9bdef8345_o.jpg 144,44,630,542,3
../data/jpgs/12307941343_628476774d_o.jpg 213,266,391,527,0 368,251,548,520,0 212,5,403,221,2 202,6,405,228,1
../data/jpgs/16381454233_868c14ac09_o.jpg 195,388,525,611,2 254,74,640,452,2 125,26,640,640,1
../data/jpgs/9099790175_26d9c25202_o.jpg 115,43,333,186,0 115,209,307,343,0 134,361,334,507,0 338,38,549,164,0 341,347,547,510,0 343,173,544,309,0 142,66,331,177,2 154,376,278,424,2 196,438,319,480,2 126,215,216,281,4 192,75,309,170,4 404,376,516,480,4
../data/jpgs/17740170711_b2b2f92174_o.jpg 409,421,640,620,2 0,158,420,640,1 0,0,407,240,3 6,547,154,640,4 22,272,151,379,4 67,170,185,275,4 136,322,265,440,4 179,491,312,624,4
../data/jpgs/15508208574_d627f8544a_o.jpg 0,358,138,502,2 3,46,185,162,2 98,229,159,330,2 161,186,238,279,2 247,0,640,514,2 0,0,640,640,1 0,164,46,218,4 0,278,43,344,4 53,283,133,396,4 244,483,346,607,4 279,574,438,640,4 352,341,486,542,4 468,485,559,567,4 501,59,630,180,4 592,245,639,326,4
../data/jpgs/16010064205_cc1c9d1e3e_o.jpg 86,44,551,631,1
../data/jpgs/16579632348_7a3f1c7a75_o.jpg 141,452,512,598,1 171,473,383,568,3
../data/jpgs/16822363258_2eb56ac256_o.jpg 216,105,402,388,2 82,35,609,606,1 129,116,245,434,4 208,385,494,582,4 342,355,407,432,4 374,113,569,501,4
../data/jpgs/17012649779_60a0bb425b_o.jpg 146,252,219,339,2 171,328,228,394,2 198,288,296,371,2 203,405,231,459,2 225,365,263,387,2 228,376,288,472,2 229,258,262,291,2 128,98,532,530,1 264,404,344,513,4 284,340,343,416,4 316,275,525,511,4
../data/jpgs/17113873831_7203be0d6d_o.jpg 0,79,640,640,1 0,269,50,337,4 0,383,62,496,4 0,354,3,390,4 52,308,100,375,4 59,241,124,314,4 61,442,121,525,4
../data/jpgs/217908441_82d671bd98_o.jpg 59,13,235,135,0 521,166,599,273,0 49,196,581,524,1 80,314,335,472,3
../data/jpgs/18273208242_46360593a5_o.jpg 0,26,640,640,1 4,214,78,280,4 9,332,68,401,4 82,119,155,197,4 123,469,182,528,4 177,43,255,114,4 190,211,259,294,4 310,365,391,460,4 315,544,394,621,4 316,125,402,200,4 412,168,460,222,4 456,74,537,148,4 467,181,532,254,4 510,443,597,502,4
../data/jpgs/242059846_c1e8356b3b_o.jpg 232,0,640,170,0 235,191,295,255,2 315,190,429,267,2 0,1,640,639,1 215,185,640,370,4 296,438,358,490,4 382,462,477,529,4 491,509,632,619,4
../data/jpgs/7462279120_9700143519_o.jpg 87,152,173,363,2 181,165,305,369,2 291,284,415,471,2 445,298,518,530,2 526,348,640,580,2 0,31,640,620,1 0,101,154,311,4 117,144,229,376,4 239,232,396,415,4 375,259,512,538,4 467,292,632,542,4
../data/jpgs/8655038021_51612105d7_o.jpg 52,0,640,577,1 96,261,182,407,4 260,156,315,199,4 277,0,331,52,4 331,106,386,190,4 354,378,458,534,4 374,0,455,100,4 406,202,465,286,4 539,129,621,245,4
../data/jpgs/8535686907_c9e2a6e372_o.jpg 0,27,115,110,1 0,49,637,640,1 0,55,631,624,3
../data/jpgs/8643367456_95bfb34c9d_o.jpg 32,9,608,622,1 340,125,448,266,4 443,230,563,298,4
../data/jpgs/7609084808_8d14d67616_o.jpg 154,171,288,279,2 141,79,536,618,1 309,251,494,469,3 268,200,292,229,4 337,480,434,603,4
../data/jpgs/8006177545_3d11c0357a_o.jpg 0,1,242,497,1
../data/jpgs/7898964766_f29f512074_o.jpg 37,0,640,639,1 189,261,342,460,4 279,85,505,462,4
../data/jpgs/8445169934_c0e7b24656_o.jpg 132,303,256,404,2 310,348,407,547,2 26,27,624,597,1 276,189,345,280,4 409,308,474,388,4
../data/jpgs/8589781272_11e5336b70_o.jpg 0,0,598,640,1 7,351,88,606,4 60,288,168,445,4 93,451,243,640,4 128,216,267,349,4 197,144,350,282,4 202,328,395,480,4 282,57,375,216,4 338,4,559,259,4 366,334,559,497,4 452,217,575,350,4
../data/jpgs/8515203476_b575d9b2fc_o.jpg 0,48,318,392,0 235,244,322,411,2 55,0,640,640,1 352,59,480,202,4 375,0,527,77,4 476,50,577,174,4
../data/jpgs/16541943169_a30b18cb73_o.jpg 37,148,188,348,2 209,382,351,482,2 373,192,464,269,2 395,280,436,320,2 402,527,449,554,2 451,19,569,101,2 464,88,611,218,2 536,239,640,347,2 0,0,640,640,1 115,113,168,179,4 124,187,237,285,4 488,358,558,454,4
../data/jpgs/16144700628_e9d0e5f20c_o.jpg 120,38,639,340,2 0,0,640,640,1 0,0,640,640,4
../data/jpgs/16725588183_e0930c3d69_o.jpg 2,26,640,558,2 0,0,640,640,1 17,218,86,278,4 99,532,250,630,4 139,317,176,404,4 233,26,360,89,4 247,232,309,293,4 346,254,487,414,4 372,579,420,640,4 398,30,531,89,4 411,163,493,251,4 413,417,466,545,4 494,295,596,445,4 541,105,588,158,4
